0			0
0.0500532		0	
0.05005320001           3.3
0.1000532		3.3	
0.10005320001		0	
0.1001064		0	
0.10010640001		0
0.1001596		0
0.10015960001		3.3
0.1002128		3.3	
0.10021280001		0
0.100266		0
0.10026600001		0	
0.1003191		0
0.10031910001		0
0.1003723		0
0.10037230001		3.3
0.1004255		3.3
0.10042550001		3.3
0.1004787		3.3
0.10047870001		0
0.1005319		0
0.10053190001		0
0.1005851		0
0.10058510001		3.3	
0.1006383		3.3
0.10063830001		0
0.1006915		0
0.10069150001		3.3	
0.1007447		3.3	
0.10074470001		0
0.1007979		0
0.10079790001		3.3	
0.1008511		3.3
0.10085110001		0	
0.1009043		0
0.10090430001		3.3
0.1009574		3.3
0.10095740001		0
0.1010106		0	
0.10101060001		3.3
0.1010638		3.3
0.10106380001		0
0.101117		0	
0.10111700001		3.3
0.1011702		3.3
0.10117020001		0
0.1012234		0
0.10122340001		3.3
0.1012766		3.3
0.10127660001		0
0.1013298		0
0.10132980001		3.3
0.101383		3.3
0.10138300001		0
0.1014362		0
0.10143620001		3.3
0.1014894		3.3
0.10148940001		0
0.1015426		0
0.10154260001		3.3	
0.1015957		3.3	
0.10159570001		0
0.1016489		0
0.10164890001		3.3
0.1017021		3.3
0.10170210001		0
0.1017553		0
0.10175530001		3.3
0.1018085		3.3	
0.10180850001		0
0.1018617		0
0.10186170001		3.3
0.1019149		3.3
0.10191490001		0
0.1019681		0
0.10196810001		3.3
0.1020213		3.3	
0.10202130001		0
0.1020745		0	
0.10207450001		3.3
0.1021277		3.3
0.10212770001		0
0.1021809		0
0.10218090001		3.3
0.102234		3.3
0.10223400001		0
0.1022872		0
0.10228720001		3.3
0.1023404		3.3
0.10234040001		0
0.1023936		0
0.10239360001		3.3
0.1024468		3.3
0.10244680001		0
0.1025			0
